   85.0000         0         0
   62.0000  -31.6000    1.0000
   57.6000   48.2000         0
   60.7000         0         0
   57.6000  -48.1000         0
   55.8000   50.2000    1.0000
   28.8000   76.2000         0
   32.4000   32.4000         0
   32.4000  -32.4000    1.0000
   28.8000  -76.2000         0
         0   84.5000         0
         0   63.2000         0
         0  -63.2000         0
         0         0         0
         0  -84.5000         0
  -28.8000   76.2000         0
  -32.4000   32.4000         0
  -32.4000  -32.4000         0
  -28.8000  -76.2000         0
  -49.9000   68.4000         0
  -57.6000   48.2000         0
  -60.7000         0         0
  -57.6000  -48.1000         0
  -49.9000  -68.4000         0
  -68.7000   49.7000         0
  -76.2000   31.5000         0
  -79.0000         0         0
  -76.2000  -31.5000         0
  -68.7000  -49.7000         0
  -80.8000   26.1000         0
  -85.0000         0         0
  -80.8000  -26.1000         0
